((("dest" .
	 [0 0 0 1])
	("source" .
	 [1 0 0 1 0 0])
	("isdir" .
	 [1 0 0 0 0])
	("path" .
	 [1 0 0 0])
	("elif" .
	 [0 0 0 1])
	("argv" .
	 [4 0 0 0])
	("show_usage" .
	 [0 0 0 0 0 2 0 1 0 0])
	("print" .
	 [0 0 0 0 3])
	("message" .
	 [0 0 0 0 0 0 1])
	("python" .
	 [2 0 0 0 0 0])
	("bt_node" .
	 [0 0 0 0 1 0 0])
	("divide" .
	 [0 0 0 1 0 0])
	("var" .
	 [4 0 1])
	("globvar" .
	 [1 0 0 1 1 0 2])
	("fork" .
	 [4 0 0 0])
	("pid" .
	 [10 0 0])
	("write" .
	 [1 0 0 0 0])
	("errno" .
	 [1 0 0 0 1])
	("sbuf" .
	 [0 0 0 1])
	("temp" .
	 [0 0 0 3])
	("template" .
	 [1 0 0 0 1 2 1 0])
	("bad_template" .
	 [0 0 0 0 1 0 0 0 0 0 0 0])
	("good_template" .
	 [0 0 0 0 0 1 0 0 0 0 0 0 0])
	("make_temp" .
	 [0 0 0 1 1 0 0 0 2])
	("sub" .
	 [2 0 0])
	("num2" .
	 [4 0 0 0])
	("num1" .
	 [8 0 0 0])
	("len1" .
	 [10 0 0 0])
	("len3" .
	 [9 0 0 0])
	("len2" .
	 [10 0 0 0])
	("duck" .
	 [3 0 0 3])
	("unsigned" .
	 [0 0 0 0 2 0 0 0])
	("bin_search" .
	 [0 0 0 0 0 0 1 0 0 0])
	("quick_sort" .
	 [0 0 0 0 0 0 0 1 0 0])
	("Res" .
	 [6 0 0])
	("map" .
	 [17 0 0])
	("typedef" .
	 [0 0 0 0 0 0 1])
	("exit" .
	 [2 0 0 0])
	("err_sys" .
	 [1 0 0 0 6 3 3])
	("O_RDWR" .
	 [1 0 0 0 0 0])
	("res" .
	 [45 0 2])
	("div" .
	 [1 0 0])
	("expo" .
	 [4 0 0 2])
	("sign" .
	 [2 0 0 2])
	("n" .
	 [1])
	("char" .
	 [0 0 0 1])
	("carry" .
	 [0 0 0 0 3])
	("mantissa" .
	 [0 0 1 10 9 18 2 4])
	("len" .
	 [9 0 1])
	("no_zero" .
	 [1 0 0 3 8 0 2])
	("strlen" .
	 [8 0 0 0 0 5])
	("chunk" .
	 [5 0 0 2 15])
	("string" .
	 [1 0 0 0 0 0])
	("find-recursive" .
	 [0 0 0 0 0 0 0 0 1 0 0 0 0 0])
	("sizeof" .
	 [0 0 0 0 2 6])
	("malloc" .
	 [6 0 0 0 0 3])
	("else" .
	 [0 0 2 3])
	("year" .
	 [4 0 0 0])
	("tmp2" .
	 [4 0 0 0])
	("tmp1" .
	 [4 0 0 0])
	("log" .
	 [6 0 1])
	("result" .
	 [0 0 0 0 0 4])
	("double" .
	 [0 0 0 1 0 0])
	("sum" .
	 [2 0 0])
	("flag" .
	 [10 0 0 1])
	("pr" .
	 [1 0])
	("stop" .
	 [6 0 0 0])
	("out" .
	 [1 0 0])
	("main" .
	 [13 0 0 0])
	("cmd_langmode" .
	 [0 0 0 0 0 0 0 1 0 0 0 0])
	("putfont8" .
	 [0 0 0 0 0 0 0 2])
	("chines" .
	 [0 0 0 0 0 1])
	("font" .
	 [0 0 0 2])
	("chinese" .
	 [0 0 0 0 0 0 2])
	("putfont" .
	 [0 0 0 0 0 0 1])
	("langmode" .
	 [1 0 0 0 0 0 0 0])
	("task_now" .
	 [0 0 0 0 0 0 0 1])
	("langbyte1" .
	 [0 0 0 0 0 2 2 1 2])
	("io_sti" .
	 [0 0 0 0 0 1])
	("sheets0" .
	 [1 0 0 0 0 0 0])
	("io_cli" .
	 [0 0 0 0 0 1])
	("timer_cancel" .
	 [0 0 0 0 0 0 0 0 0 0 0 1])
	("sys_fifo" .
	 [0 0 0 0 1 0 0 1])
	("FIFO32" .
	 [2 0 0 0 0 0])
	("s" .
	 [5])
	("close_constask" .
	 [0 0 0 0 0 0 0 0 0 0 0 0 0 2])
	("closed" .
	 [0 0 0 0 0 1])
	("sheet_free" .
	 [1 0 0 0 0 0 0 0 0 0])
	("memman_free_4k" .
	 [0 0 0 0 0 0 0 0 0 0 0 0 0 1])
	("TASK" .
	 [2 0 0 2])
	("MEMMAN_ADDR" .
	 [0 0 0 0 0 0 0 0 0 0 1])
	("MEMMAN" .
	 [0 0 0 0 0 2])
	("close_console" .
	 [0 0 0 0 0 0 0 0 0 0 0 1 1])
	("memman" .
	 [1 0 0 0 0 2])
	("memman_alloc" .
	 [0 0 0 0 0 0 0 0 0 0 0 1])
	("cons_stack" .
	 [1 0 0 0 0 0 0 0 1 0])
	("task" .
	 [11 0 0 0])
	("in" .
	 [3 0])
	("dathrb" .
	 [0 0 0 0 1 0])
	("esp" .
	 [1 0 0])
	("datsiz" .
	 [2 0 0 0 0 0])
	("segsiz" .
	 [1 0 0 0 1 0])
	("cons_newline" .
	 [0 0 0 0 0 0 0 0 2 1 0 0])
	("ADR_DISKIMG" .
	 [0 0 0 0 0 0 0 1 0 0 0])
	("clustno" .
	 [0 0 0 0 1 0 0])
	("size" .
	 [0 0 2 0])
	("cat_next_file" .
	 [0 0 0 0 1 0 0 0 0 0 0 0 0])
	("type" .
	 [2 0 0 0])
	("name" .
	 [4 1 1 0])
	("finfo" .
	 [4 0 0 0 2])
	("sheet_refresh" .
	 [0 0 0 0 0 0 0 0 0 0 0 2 0])
	("buf" .
	 [9 0 0])
	("sheet" .
	 [12 0 0 0 3])
	("define" .
	 [0 0 0 0 0 1])
	("PORT_KEYDAT" .
	 [0 0 0 0 0 1 0 0 1 0 0])
	("io_out8" .
	 [2 0 0 0 0 0 0])
	("wait_KBC_sendready" .
	 [0 0 0 0 0 1 0 0 0 1 0 0 0 0 0 0 0 0])
	("fifo32_get" .
	 [1 0 0 0 0 0 0 0 0 0])
	("fifo32_status" .
	 [1 0 0 0 0 0 0 0 0 0 0 0 0])
	("key_leds" .
	 [5 0 0 0 0 1 1 0])
	("K" .
	 [1])
	("KEYCMD_LED" .
	 [3 0 0 0 0 0 0 1 0 3])
	("fifo32_put" .
	 [8 0 0 0 0 0 0 0 1 2])
	("fifo32_init" .
	 [1 0 0 0 0 0 0 0 0 0 0])
	("keycmd_wait" .
	 [2 0 0 0 0 0 0 0 0 4 1])
	("keycmd" .
	 [1 0 0 0 0 1])
	("keycmd_buf" .
	 [1 0 0 0 0 0 0 0 0 0])
	("cursor_x" .
	 [1 0 0 0 0 0 0 1])
	("keytable" .
	 [0 0 0 0 0 0 0 1])
	("key_shift" .
	 [0 0 0 0 0 0 1 1 0])
	("key_to" .
	 [3 0 0 0 0 0])
	("shtctl" .
	 [1 0 0 0 0 1])
	("SHTCTL" .
	 [0 0 0 1 0 0])
	("xsize" .
	 [0 0 0 1 3])
	("vram" .
	 [0 0 4 0])
	("col_inv" .
	 [1 0 0 0 1 0 0])
	("vy" .
	 [1 0])
	("return" .
	 [0 0 0 0 0 21])
	("bx" .
	 [1 0])
	("by" .
	 [2 0])
	("bysize" .
	 [0 0 0 0 2 0])
	("bxsize" .
	 [0 0 0 3 4 0])
	("by0" .
	 [1 0 0])
	("bx0" .
	 [3 0 0])
	("file:" .
	 [3 0 0 0 0])
	("lines" .
	 [1 0 0 0 0])
	("file" .
	 [8 0 0 0])
	("*.c" .
	 [2 0 1])
	("*.asm" .
	 [1 0 0 0 0])
	("matcher" .
	 [3 0 0 0 0 0 0])
	("Basename" .
	 [2 0 0 1 1 0 0 0])
	("TMPDIR" .
	 [0 0 0 5 0 0])
	("checkout" .
	 [0 0 0 2 1 0 0 0])
	("tmp" .
	 [21 0 2])
	("git" .
	 [7 0 0])
	("branch" .
	 [0 0 0 1 1 0])
	("add" .
	 [1 0 0])
	("pushd" .
	 [0 0 0 1 0])
	("point" .
	 [1 0 0 0 1])
	("break" .
	 [0 0 0 4 19])
	("count" .
	 [4 0 0 3 14])
	("c" .
	 [2])
	("memtotal" .
	 [1 0 0 0 0 0 0 0])
	("extern" .
	 [0 0 0 1 0 1])
	("struct" .
	 [0 0 0 0 0 19])
	("TIMERCTL" .
	 [0 0 0 1 0 0 0 0])
	("timerctl" .
	 [1 0 0 0 0 0 0 0])
	("printf" .
	 [5 0 0 6 9 186])
	("float" .
	 [0 0 0 1 1])
	("scanf" .
	 [6 0 0 7 5])
	("Media" .
	 [0 0 1 3 8])
	("more" .
	 [0 0 2 0])
	("task_run" .
	 [1 0 0 0 0 0 0 0])
	("task_a" .
	 [1 0 0 0 0 0])
	("level" .
	 [1 0 2 6 0])
	("d" .
	 [4])
	("data" .
	 [21 0 0 0])
	("d_t" .
	 [3 0 0])
	("h_t" .
	 [5 0 0])
	("m_t" .
	 [3 0 0])
	("s_t" .
	 [4 0 0])
	("cursor_y" .
	 [9 0 0 0 0 0 0 0])
	("cursor" .
	 [0 0 0 0 0 20])
	("putfonts8_asc_sht" .
	 [0 0 0 0 0 0 0 0 0 0 0 0 0 0 0 1 2])
	("COL8_FFFFFF" .
	 [0 0 0 0 0 0 0 0 0 1 3])
	("COL8_000000" .
	 [0 0 0 0 0 0 0 0 0 0 5])
	("putfonts8_asc" .
	 [0 0 0 0 0 0 0 0 0 0 0 0 1])
	("fifo" .
	 [2 0 0 0])
	("strcmp" .
	 [16 0 0 0 0 8])
	("cmdline" .
	 [1 0 0 1 5 3 1])
	("CONSOLE" .
	 [0 0 0 1 0 0 1])
	("cons" .
	 [16 0 0 1])
	("SHEET" .
	 [0 0 0 0 3])
	("sht" .
	 [12 0 0])
	("cur_y" .
	 [2 0 0 0 0])
	("cur_x" .
	 [2 0 0 0 1])
	("api_openwin" .
	 [1 0 0 0 0 0 0 1 0 0 0])
	("ysiz" .
	 [0 0 0 1])
	("title" .
	 [0 0 0 1 0])
	("api_boxfilwin" .
	 [0 0 0 0 0 1 1 0 0 0 0 0 0])
	("api_initmalloc" .
	 [0 0 0 0 0 0 0 0 0 0 0 2 0 0])
	("api_end" .
	 [2 0 0 0 0 1 3])
	("api_malloc" .
	 [2 0 0 0 0 0 0 0 1 0])
	("api_point" .
	 [1 0 0 0 0 0 0 1 0])
	("void" .
	 [0 0 1 1])
	("win" .
	 [2 0 0])
	("ros_api_linewin" .
	 [0 0 0 0 0 0 0 0 0 0 0 0 1 0 0])
	("y0" .
	 [1 0])
	("api_getkey" .
	 [0 0 0 0 0 0 0 0 0 2])
	("api_alloctimer" .
	 [0 0 0 0 0 0 0 0 0 0 0 0 0 2])
	("api_inittimer" .
	 [0 0 0 0 0 0 0 0 0 0 0 0 2])
	("api_settimer" .
	 [0 0 0 0 0 0 0 0 1 0 0 1])
	("api_beep" .
	 [0 0 0 0 0 0 0 3])
	("timer" .
	 [2 0 0 0 0])
	("while" .
	 [0 0 0 1 9])
	("pow" .
	 [5 0 0])
	("max_level" .
	 [1 0 0 0 1 1 5 3 4])
	("t" .
	 [2])
	("opt1" .
	 [10 0 0 0])
	("opt2" .
	 [17 0 0 0])
	("bkn" .
	 [9 0 0])
	("lagarto" .
	 [0 0 0 1 0 0 0])
	("swap" .
	 [3 0 0 1])
	("strcpy" .
	 [1 0 0 0 0 1])
	("str" .
	 [2 0 0])
	("magic" .
	 [6 0 0 0 1])
	("numbering" .
	 [0 0 0 2 0 0 0 0 0])
	("diff1" .
	 [8 0 0 0 0])
	("diff2" .
	 [11 0 0 0 0])
	("diff" .
	 [0 0 0 2])
	("spc2" .
	 [1 0 0 0])
	("pathlen" .
	 [3 0 0 0 0 0 1])
	("fullpath" .
	 [7 0 0 0 0 0 9 1])
	("pathname" .
	 [0 0 0 0 1 0 2 1])
	("dopath" .
	 [1 0 0 0 2 0])
	("func" .
	 [4 0 0 3])
	("static" .
	 [0 0 0 0 0 1])
	("Myfunc" .
	 [1 0 1 0 0 0])
	("stat" .
	 [3 0 0 0])
	("dire" .
	 [0 0 0 1])
	("dirent" .
	 [1 0 0 0 0 1])
	("statbuf" .
	 [6 0 0 0 0 0 0])
	("FTW_NS" .
	 [1 0 0 0 0 0])
	("FTW_F" .
	 [1 0 0 0 1])
	("ret" .
	 [3 0 0])
	("FTW_D" .
	 [1 0 0 0 0])
	("realloc" .
	 [0 0 0 0 0 1 0])
	("NULL" .
	 [5 0 0 0])
	("FTW_DNR" .
	 [1 0 0 0 0 0 0])
	("dirp" .
	 [4 0 0 0])
	("d_name" .
	 [0 0 0 1 1 0])
	("continue" .
	 [0 0 0 0 0 3 0 7])
	("myfunc" .
	 [0 0 0 0 0 1])
	("const" .
	 [1 0 0 0 2])
	("switch" .
	 [0 0 0 0 0 1])
	("statptr" .
	 [1 0 0 0 0 0 0])
	("st_mode" .
	 [0 0 0 0 0 1 0])
	("EOF" .
	 [1 0 0])
	("stdin" .
	 [1 0 0 0 1])
	("sets" .
	 [10 0 0 1])
	("total" .
	 [1 0 1 1 0])
	("con1" .
	 [20 0 0 0])
	("con2" .
	 [20 0 0 0])
	("arr1" .
	 [18 0 0 0])
	("rep" .
	 [4 0 0])
	("inter" .
	 [5 0 0 0 0])
	("arr2" .
	 [13 0 0 0])
	("res1" .
	 [25 0 0 0])
	("LONG_MAX" .
	 [0 0 0 4 1 0 0 0])
	("res2" .
	 [21 0 0 0])
	("Union" .
	 [1 0 0 0 0])
	("MAXLINE" .
	 [0 0 0 1 0 0 0])
	("tmpnam" .
	 [0 0 0 1 0 0])
	("fputs" .
	 [0 0 0 0 1])
	("oldPort" .
	 [0 0 0 0 0 2 1])
	("password" .
	 [0 0 0 0 2 0 1 0])
	("newOne" .
	 [0 0 0 1 0 0])
	("record" .
	 [1 0 0 1 0 0])
	("echo" .
	 [0 0 0 1])
	("recordArr" .
	 [0 0 0 0 0 0 0 1 1])
	("./shadowsocks.json" .
	 [0 0 0 0 1 0 0 0 0 0 0 0 0 0 0 0 0 0])
	("tmp.json" .
	 [0 0 0 0 1 0 0 0])
	("vfork" .
	 [1 0 0 0 0])
	("SNode" .
	 [1 0 0 0 0])
	("status" .
	 [1 0 0 0 3 4])
	("wait" .
	 [3 0 0 0])
	("pr_exit" .
	 [0 0 0 1 0 2 0])
	("QuickSort" .
	 [2 0 0 3 0 0 0 0 0])))
